Ширина изображения: 16
Высота изображения: 16
Число байт на пиксель: 3
Растровые данные: 
00 00 00 00 00 00 00 00 00 00 00 00 00 00 00 00 00 00 00 00 00 00 00 00 00 00 00 00 00 00 00 00 00 00 00 00 00 00 00 00 00 00 00 00 00 00 00 00 
00 00 00 00 26 ff 00 26 ff 00 26 ff 00 26 ff 00 26 ff 00 26 ff 00 26 ff 00 26 ff 00 26 ff 00 26 ff 00 26 ff 00 26 ff 00 26 ff 00 26 ff 00 00 00 
00 00 00 00 26 ff 00 00 00 00 00 00 00 00 00 00 00 00 00 00 00 00 00 00 00 00 00 00 00 00 00 00 00 00 00 00 00 00 00 00 00 00 00 26 ff 00 00 00 
00 00 00 00 26 ff 00 00 00 00 f9 00 00 f9 00 00 f9 00 00 f9 00 00 f9 00 00 f9 00 00 f9 00 00 f9 00 00 f9 00 00 f9 00 00 00 00 00 26 ff 00 00 00 
00 00 00 00 26 ff 00 00 00 00 f9 00 00 00 00 00 00 00 00 00 00 00 00 00 00 00 00 00 00 00 00 00 00 00 00 00 00 f9 00 00 00 00 00 26 ff 00 00 00 
00 00 00 00 26 ff 00 00 00 00 f9 00 00 00 00 ff 33 04 ff 33 04 ff 33 04 ff 33 04 ff 33 04 ff 33 04 00 00 00 00 f9 00 00 00 00 00 26 ff 00 00 00 
00 00 00 00 26 ff 00 00 00 00 f9 00 00 00 00 ff 33 04 00 00 00 00 00 00 00 00 00 00 00 00 ff 33 04 00 00 00 00 f9 00 00 00 00 00 26 ff 00 00 00 
00 00 00 00 26 ff 00 00 00 00 f9 00 00 00 00 ff 33 04 00 00 00 ff ff ff ff ff ff 00 00 00 ff 33 04 00 00 00 00 f9 00 00 00 00 00 26 ff 00 00 00 
00 00 00 00 26 ff 00 00 00 00 f9 00 00 00 00 ff 33 04 00 00 00 ff ff ff ff ff ff 00 00 00 ff 33 04 00 00 00 00 f9 00 00 00 00 00 26 ff 00 00 00 
00 00 00 00 26 ff 00 00 00 00 f9 00 00 00 00 ff 33 04 00 00 00 00 00 00 00 00 00 00 00 00 ff 33 04 00 00 00 00 f9 00 00 00 00 00 26 ff 00 00 00 
00 00 00 00 26 ff 00 00 00 00 f9 00 00 00 00 ff 33 04 ff 33 04 ff 33 04 ff 33 04 ff 33 04 ff 33 04 00 00 00 00 f9 00 00 00 00 00 26 ff 00 00 00 
00 00 00 00 26 ff 00 00 00 00 f9 00 00 00 00 00 00 00 00 00 00 00 00 00 00 00 00 00 00 00 00 00 00 00 00 00 00 f9 00 00 00 00 00 26 ff 00 00 00 
00 00 00 00 26 ff 00 00 00 00 f9 00 00 f9 00 00 f9 00 00 f9 00 00 f9 00 00 f9 00 00 f9 00 00 f9 00 00 f9 00 00 f9 00 00 00 00 00 26 ff 00 00 00 
00 00 00 00 26 ff 00 00 00 00 00 00 00 00 00 00 00 00 00 00 00 00 00 00 00 00 00 00 00 00 00 00 00 00 00 00 00 00 00 00 00 00 00 26 ff 00 00 00 
00 00 00 00 26 ff 00 26 ff 00 26 ff 00 26 ff 00 26 ff 00 26 ff 00 26 ff 00 26 ff 00 26 ff 00 26 ff 00 26 ff 00 26 ff 00 26 ff 00 26 ff 00 00 00 
00 00 00 00 00 00 00 00 00 00 00 00 00 00 00 00 00 00 00 00 00 00 00 00 00 00 00 00 00 00 00 00 00 00 00 00 00 00 00 00 00 00 00 00 00 00 00 00 
